      0/49        0G      7.26      6.99      52.8        67         6       512         0         0         0         0      6.97      6.34        43
      1/49        0G      6.83      7.12      39.7      53.7         4       512         0         0         0         0      6.68       6.3        38
      2/49        0G      6.59       6.8      37.1      50.5        10       512   0.00309  0.000335  1.57e-05  0.000604      6.42      6.13      34.8
      3/49        0G      6.41      7.04      35.6        49         9       512   0.00355  0.000669  2.98e-05   0.00113      6.27      6.09      33.6
      4/49        0G       6.3       7.1      34.8      48.2         3       512    0.0117   0.00368  0.000324    0.0056      6.11      6.06      31.7
      5/49        0G      6.27      6.82        34      47.1        21       512   0.00239   0.00234  4.27e-05   0.00236       6.1      6.07      30.8
      6/49        0G      6.21      6.76      32.8      45.8         9       512    0.0124   0.00335   0.00113   0.00527      5.98      5.93      30.2
      7/49        0G      6.18      6.59      31.8      44.6         9       512    0.0188    0.0114   0.00232    0.0142      5.96      5.92      29.5
      8/49        0G       6.1      6.57      32.3        45        16       512    0.0159   0.00904   0.00194    0.0115      5.94      5.89      29.2
      9/49        0G      6.01      6.68      31.5      44.2         4       512    0.0146    0.0181    0.0027    0.0161      5.93      5.91      28.7
     10/49        0G      6.02      6.74      30.1      42.8        32       512    0.0162    0.0191   0.00318    0.0175      5.95      5.87      28.3
     11/49        0G      6.07      6.71      31.8      44.5        15       512    0.0325    0.0218   0.00409    0.0211      5.86      5.84      27.8
     12/49        0G      5.97      6.95      31.2      44.1        11       512    0.0168    0.0264   0.00386    0.0206      5.85      5.88      27.6
     13/49        0G      6.42      7.81      42.8        57         6       512         0         0         0         0      11.2      76.7       344
     14/49        0G      6.43      7.81      41.1      55.4         4       512         0         0         0         0      7.31      12.6      88.7
